(7, 30, 3, 2, 7, 32, 'max', 2, 'none'):0.7423167848699763
(7, 30, 3, 2, 7, 32, 'max', 2, 'elu'):0.6431940700808626
(7, 30, 3, 2, 7, 32, 'max', 6, 'none'):0.6661051212938006
(7, 30, 3, 2, 7, 32, 'max', 6, 'elu'):0.6223045822102425
(7, 30, 3, 2, 7, 32, 'avg', 2, 'none'):0.7257412398921833
(7, 30, 3, 2, 7, 32, 'avg', 2, 'elu'):0.6482479784366576
(7, 30, 3, 2, 7, 32, 'avg', 6, 'none'):0.6570080862533693
(7, 30, 3, 2, 7, 32, 'avg', 6, 'elu'):0.6805929919137466
(7, 30, 3, 2, 7, 64, 'max', 2, 'none'):0.7051886792452831
(7, 30, 3, 2, 7, 64, 'max', 2, 'elu'):0.659366576819407
(7, 30, 3, 2, 7, 64, 'max', 6, 'none'):0.6539757412398922
(7, 30, 3, 2, 7, 64, 'max', 6, 'elu'):0.621967654986523
(7, 30, 3, 2, 7, 64, 'avg', 2, 'none'):0.7334905660377359
(7, 30, 3, 2, 7, 64, 'avg', 2, 'elu'):0.692722371967655
(7, 30, 3, 2, 7, 64, 'avg', 6, 'none'):0.6671159029649595
(7, 30, 3, 2, 7, 64, 'avg', 6, 'elu'):0.6492587601078167
(7, 30, 3, 2, 31, 32, 'max', 2, 'none'):0.6923854447439353
(7, 30, 3, 2, 31, 32, 'max', 2, 'elu'):0.6549865229110512
(7, 30, 3, 2, 31, 32, 'max', 6, 'none'):0.647911051212938
(7, 30, 3, 2, 31, 32, 'max', 6, 'elu'):0.6340970350404312
(7, 30, 3, 2, 31, 32, 'avg', 2, 'none'):0.7065363881401617
(7, 30, 3, 2, 31, 32, 'avg', 2, 'elu'):0.6546495956873315
(7, 30, 3, 2, 31, 32, 'avg', 6, 'none'):0.6809299191374664
(7, 30, 3, 2, 31, 32, 'avg', 6, 'elu'):0.6438679245283019
(7, 30, 3, 2, 31, 64, 'max', 2, 'none'):0.6873315363881402
(7, 30, 3, 2, 31, 64, 'max', 2, 'elu'):0.6859838274932614
(7, 30, 3, 2, 31, 64, 'max', 6, 'none'):0.6570080862533693
(7, 30, 3, 2, 31, 64, 'max', 6, 'elu'):0.6223045822102425
(7, 30, 3, 2, 31, 64, 'avg', 2, 'none'):0.6762129380053908
(7, 30, 3, 2, 31, 64, 'avg', 2, 'elu'):0.6907008086253369
(7, 30, 3, 2, 31, 64, 'avg', 6, 'none'):0.7328167115902965
(7, 30, 3, 2, 31, 64, 'avg', 6, 'elu'):0.6445417789757413
(7, 30, 3, 3, 7, 32, 'max', 2, 'none'):0.6765498652291104
(7, 30, 3, 3, 7, 32, 'max', 2, 'elu'):0.6597035040431267
(7, 30, 3, 3, 7, 32, 'max', 6, 'none'):0.6431940700808626
(7, 30, 3, 3, 7, 32, 'max', 6, 'elu'):0.61455525606469
(7, 30, 3, 3, 7, 32, 'avg', 2, 'none'):0.6755390835579516
(7, 30, 3, 3, 7, 32, 'avg', 2, 'elu'):0.6223045822102425
(7, 30, 3, 3, 7, 32, 'avg', 6, 'none'):0.6876684636118598
(7, 30, 3, 3, 7, 32, 'avg', 6, 'elu'):0.6351078167115902
(7, 30, 3, 3, 7, 64, 'max', 2, 'none'):0.6876684636118598
(7, 30, 3, 3, 7, 64, 'max', 2, 'elu'):0.6361185983827493
(7, 30, 3, 3, 7, 64, 'max', 6, 'none'):0.6620619946091645
(7, 30, 3, 3, 7, 64, 'max', 6, 'elu'):0.5933288409703504
(7, 30, 3, 3, 7, 64, 'avg', 2, 'none'):0.7136118598382749
(7, 30, 3, 3, 7, 64, 'avg', 2, 'elu'):0.6671159029649595
(7, 30, 3, 3, 7, 64, 'avg', 6, 'none'):0.7024932614555256
(7, 30, 3, 3, 7, 64, 'avg', 6, 'elu'):0.6711590296495956
(7, 30, 3, 3, 31, 32, 'max', 2, 'none'):0.6553234501347708
(7, 30, 3, 3, 31, 32, 'max', 2, 'elu'):0.6805929919137466
(7, 30, 3, 3, 31, 32, 'max', 6, 'none'):0.6650943396226415
(7, 30, 3, 3, 31, 32, 'max', 6, 'elu'):0.621967654986523
(7, 30, 3, 3, 31, 32, 'avg', 2, 'none'):0.7142857142857142
(7, 30, 3, 3, 31, 32, 'avg', 2, 'elu'):0.671832884097035
(7, 30, 3, 3, 31, 32, 'avg', 6, 'none'):0.7048517520215632
(7, 30, 3, 3, 31, 32, 'avg', 6, 'elu'):0.6762129380053908
(7, 30, 3, 3, 31, 64, 'max', 2, 'none'):0.7136118598382749
(7, 30, 3, 3, 31, 64, 'max', 2, 'elu'):0.6553234501347708
(7, 30, 3, 3, 31, 64, 'max', 6, 'none'):0.6809299191374664
(7, 30, 3, 3, 31, 64, 'max', 6, 'elu'):0.590633423180593
(7, 30, 3, 3, 31, 64, 'avg', 2, 'none'):0.6907008086253369
(7, 30, 3, 3, 31, 64, 'avg', 2, 'elu'):0.6836253369272237
(7, 30, 3, 3, 31, 64, 'avg', 6, 'none'):0.6880053908355795
(7, 30, 3, 3, 31, 64, 'avg', 6, 'elu'):0.6809299191374664
(7, 30, 6, 2, 7, 32, 'max', 2, 'none'):0.7068733153638814
(7, 30, 6, 2, 7, 32, 'max', 2, 'elu'):0.6435309973045822
(7, 30, 6, 2, 7, 32, 'max', 6, 'none'):0.6667789757412399
(7, 30, 6, 2, 7, 32, 'max', 6, 'elu'):0.6529649595687331
(7, 30, 6, 2, 7, 32, 'avg', 2, 'none'):0.7280997304582211
(7, 30, 6, 2, 7, 32, 'avg', 2, 'elu'):0.6910377358490566
(7, 30, 6, 2, 7, 32, 'avg', 6, 'none'):0.7233827493261455
(7, 30, 6, 2, 7, 32, 'avg', 6, 'elu'):0.7001347708894878
(7, 30, 6, 2, 7, 64, 'max', 2, 'none'):0.6782345013477089
(7, 30, 6, 2, 7, 64, 'max', 2, 'elu'):0.6667789757412399
(7, 30, 6, 2, 7, 64, 'max', 6, 'none'):0.6741913746630728
(7, 30, 6, 2, 7, 64, 'max', 6, 'elu'):0.5960242587601078
(7, 30, 6, 2, 7, 64, 'avg', 2, 'none'):0.7014824797843666
(7, 30, 6, 2, 7, 64, 'avg', 2, 'elu'):0.7284366576819407
(7, 30, 6, 2, 7, 64, 'avg', 6, 'none'):0.7163072776280324
(7, 30, 6, 2, 7, 64, 'avg', 6, 'elu'):0.6637466307277629
(7, 30, 6, 2, 31, 32, 'max', 2, 'none'):0.7476415094339622
(7, 30, 6, 2, 31, 32, 'max', 2, 'elu'):0.7139487870619946
(7, 30, 6, 2, 31, 32, 'max', 6, 'none'):0.6876684636118598
(7, 30, 6, 2, 31, 32, 'max', 6, 'elu'):0.6495956873315364
(7, 30, 6, 2, 31, 32, 'avg', 2, 'none'):0.7092318059299192
(7, 30, 6, 2, 31, 32, 'avg', 2, 'elu'):0.6758760107816711
